1.000000000 0.000000000 0.000000000 0.000000000 0.000000000 1.000000000 0.000000000 0.000000000 0.000000000 0.000000000 1.000000000 0.000000000
0.999995351 0.002347802 -0.001950312 0.026722500 -0.002350662 0.999996185 -0.001465530 0.023749163 0.001946864 0.001470107 0.999997020 -0.050669041
0.999996781 0.000315016 -0.002518715 0.016983222 -0.000315042 0.999999940 -0.000009753 0.003875825 0.002518712 0.000010547 0.999996841 -0.012055574
0.999996543 0.001588713 -0.002095076 0.025560427 -0.001590712 0.999998271 -0.000953032 0.019546755 0.002093558 0.000956362 0.999997377 -0.047877032
0.999996424 0.001305135 -0.002336656 0.019729244 -0.001306504 0.999998987 -0.000584575 0.008638170 0.002335890 0.000587626 0.999997079 -0.017904216
0.999996483 0.001572012 -0.002125359 0.025678806 -0.001574078 0.999998271 -0.000970617 0.019870671 0.002123829 0.000973960 0.999997258 -0.047532666
0.999996781 0.001241383 -0.002199359 0.023630213 -0.001242911 0.999998987 -0.000693623 0.015409038 0.002198495 0.000696355 0.999997318 -0.038148265
0.999996364 0.001590587 -0.002188389 0.022741301 -0.001592635 0.999998271 -0.000934427 0.015726332 0.002186899 0.000937908 0.999997199 -0.035284888
0.999996543 0.001522347 -0.002146334 0.016961135 -0.001523990 0.999998569 -0.000764023 0.008858290 0.002145168 0.000767291 0.999997377 -0.013530058
0.999996245 0.001703735 -0.002135842 0.023334013 -0.001705850 0.999998033 -0.000988980 0.015688008 0.002134153 0.000992620 0.999997258 -0.035716962
0.999996483 0.001199765 -0.002358469 0.018790891 -0.001201038 0.999999106 -0.000538470 0.007968911 0.002357821 0.000541300 0.999997079 -0.017247526
0.999996364 0.001843652 -0.001961509 0.026594404 -0.001845697 0.999997735 -0.001041552 0.020449352 0.001959584 0.001045169 0.999997556 -0.053652503
0.999996245 0.001685234 -0.002164230 0.019646514 -0.001687026 0.999998212 -0.000826672 0.010809017 0.002162833 0.000830320 0.999997318 -0.021292603
0.999995947 0.001143338 -0.002606543 0.017452668 -0.001144368 0.999999285 -0.000393874 0.002249039 0.002606091 0.000396855 0.999996543 -0.002004325
0.999996781 0.001331425 -0.002146999 0.018259333 -0.001332712 0.999998927 -0.000598014 0.009220737 0.002146201 0.000600874 0.999997497 -0.019767260
0.999996483 0.001208857 -0.002358604 0.023884665 -0.001210432 0.999999046 -0.000666738 0.013968847 0.002357795 0.000669590 0.999997020 -0.034516126
0.999996781 0.001488471 -0.002059642 0.022463309 -0.001490179 0.999998569 -0.000828155 0.015418989 0.002058406 0.000831221 0.999997556 -0.039610583
0.999996722 0.001413790 -0.002137109 0.021750156 -0.001415403 0.999998689 -0.000753502 0.014291784 0.002136041 0.000756524 0.999997437 -0.034898456
0.999996901 0.001417343 -0.002061085 0.025217367 -0.001419075 0.999998629 -0.000839240 0.019128444 0.002059893 0.000842162 0.999997497 -0.050220691
0.999996066 0.001862921 -0.002083085 0.021115465 -0.001864931 0.999997795 -0.000963196 0.013324642 0.002081286 0.000967077 0.999997377 -0.028656127
0.999996543 0.001165688 -0.002345081 0.015007629 -0.001166786 0.999999225 -0.000466894 0.003572903 0.002344535 0.000469629 0.999997139 -0.004836136
0.999996901 0.001156487 -0.002192323 0.019098502 -0.001157882 0.999999106 -0.000635091 0.010832777 0.002191587 0.000637627 0.999997377 -0.022116181
0.999996603 0.001486324 -0.002139987 0.023068840 -0.001488114 0.999998569 -0.000835244 0.015933052 0.002138743 0.000838426 0.999997377 -0.038364511
0.999996543 0.001741601 -0.001978816 0.022269940 -0.001743749 0.999997914 -0.001084150 0.017442316 0.001976923 0.001087597 0.999997437 -0.035841789
0.999996841 0.001301784 -0.002156709 0.023872674 -0.001303281 0.999998927 -0.000692986 0.016032310 0.002155804 0.000695794 0.999997437 -0.039544299
0.999996722 0.001243140 -0.002227032 0.017189045 -0.001244427 0.999999046 -0.000576512 0.007521487 0.002226313 0.000579282 0.999997377 -0.013052863
0.999996006 0.001988118 -0.001999749 0.026012763 -0.001990455 0.999997318 -0.001167802 0.020572495 0.001997421 0.001171778 0.999997318 -0.048293341
0.999996781 0.001172537 -0.002259748 0.020530734 -0.001173937 0.999999106 -0.000618315 0.010778798 0.002259021 0.000620966 0.999997258 -0.025391597
0.999995887 0.001914321 -0.002126585 0.026800746 -0.001916631 0.999997556 -0.001084962 0.019783532 0.002124503 0.001089034 0.999997139 -0.047108028
0.999996901 0.000284704 -0.002473952 0.017105017 -0.000284772 0.999999940 -0.000026986 0.003996809 0.002473944 0.000027690 0.999996960 -0.012938608
0.999996364 0.001664126 -0.002134977 0.024734052 -0.001666262 0.999998093 -0.000999080 0.018641191 0.002133310 0.001002634 0.999997199 -0.041042674
0.999996662 0.001805787 -0.001852692 0.026365548 -0.001807943 0.999997675 -0.001162673 0.023641456 0.001850588 0.001166018 0.999997616 -0.057156641
0.999996603 0.001512086 -0.002130899 0.019515041 -0.001513658 0.999998569 -0.000736224 0.011898864 0.002129783 0.000739447 0.999997437 -0.025506401
0.999996424 0.001354617 -0.002308490 0.024704533 -0.001356367 0.999998808 -0.000756810 0.015644444 0.002307462 0.000759938 0.999997020 -0.036966518
0.999996006 0.001924227 -0.002056964 0.025540007 -0.001926617 0.999997497 -0.001160405 0.019965332 0.002054725 0.001164363 0.999997199 -0.043871328
0.999995589 0.002100126 -0.002106863 0.023434650 -0.002102624 0.999997079 -0.001183994 0.016008664 0.002104371 0.001188419 0.999997079 -0.033348221
0.999996126 0.001836007 -0.002096139 0.024650732 -0.001838138 0.999997795 -0.001015121 0.017610835 0.002094271 0.001018970 0.999997258 -0.040081363
0.999996543 0.001564370 -0.002117029 0.026584975 -0.001566493 0.999998271 -0.001001236 0.020861449 0.002115459 0.001004549 0.999997258 -0.049586821
0.999997437 0.000883358 -0.002073467 0.022792378 -0.000884552 0.999999464 -0.000574915 0.017516388 0.002072958 0.000576748 0.999997675 -0.043369617
0.999996841 0.001401911 -0.002091779 0.024288381 -0.001403908 0.999998569 -0.000953259 0.018791223 0.002090439 0.000956193 0.999997377 -0.044089679
0.999997020 0.001146793 -0.002155055 0.021156007 -0.001148125 0.999999166 -0.000616866 0.014072618 0.002154346 0.000619339 0.999997497 -0.032879453
0.999993742 0.002948699 -0.001958415 0.024370760 -0.002951749 0.999994457 -0.001556200 0.016978601 0.001953815 0.001561971 0.999996901 -0.031955600
0.999995172 0.002259616 -0.002135022 0.019238040 -0.002261835 0.999996901 -0.001037640 0.009505952 0.002132671 0.001042464 0.999997199 -0.014864319
0.999997318 0.000678615 -0.002219005 0.018819841 -0.000679788 0.999999642 -0.000527736 0.009420821 0.002218646 0.000529243 0.999997377 -0.029778434
0.999997020 0.001618528 -0.001830464 0.014971492 -0.001620489 0.999998093 -0.001070536 0.002700954 0.001828728 0.001073499 0.999997735 0.003180861
0.999999285 0.000542751 -0.001073536 0.012725664 -0.000543052 0.999999821 -0.000280462 -0.003742388 0.001073384 0.000281045 0.999999404 0.023774963
0.999998808 0.000849440 0.001272412 0.012578248 -0.000848183 0.999999166 -0.000988374 -0.003910779 -0.001273250 0.000987294 0.999998689 0.020499596
0.999993324 0.001440170 0.003365225 0.018351333 -0.001435894 0.999998152 -0.001272691 -0.004141554 -0.003367051 0.001267851 0.999993503 0.023882961
0.999984920 0.001132646 0.005378891 0.022657096 -0.001124472 0.999998212 -0.001522488 -0.004533301 -0.005380606 0.001516416 0.999984384 0.032464992
0.999969304 0.000975552 0.007770687 0.025060922 -0.000963416 0.999998331 -0.001565378 -0.010200719 -0.007772201 0.001557844 0.999968588 0.038477946
0.999939263 0.001245167 0.010950310 0.025211923 -0.001226861 0.999997854 -0.001678277 -0.002538659 -0.010952376 0.001664740 0.999938607 0.034576543
0.999908924 0.001390623 0.013422812 0.029055312 -0.001360036 0.999996483 -0.002287575 0.000316548 -0.013425946 0.002269111 0.999907315 0.030155186
0.999874473 0.001637623 0.015760724 0.021592267 -0.001603496 0.999996364 -0.002177708 -0.001385596 -0.015764233 0.002152162 0.999873400 0.046925414
0.999849975 0.001275658 0.017274259 0.011926309 -0.001242680 0.999997377 -0.001919665 -0.009918751 -0.017276661 0.001897910 0.999848962 0.075771935
0.999833524 0.000109654 0.018244663 0.001640416 -0.000083802 0.999998987 -0.001417715 -0.014439902 -0.018244799 0.001415950 0.999832571 0.102099672
0.999820948 0.000720243 0.018910108 -0.007552015 -0.000693220 0.999998748 -0.001435514 -0.018107567 -0.018911118 0.001422148 0.999820173 0.135005057
0.999797583 0.000967305 0.020097654 -0.023241963 -0.000940096 0.999998629 -0.001363256 -0.026353849 -0.020098945 0.001344086 0.999797106 0.178870171
0.999785662 0.000298240 0.020700518 -0.035351466 -0.000268022 0.999998868 -0.001462487 -0.031054376 -0.020700932 0.001456625 0.999784648 0.212232053
0.999759912 -0.000578461 0.021903619 -0.050117597 0.000596015 0.999999523 -0.000794873 -0.040098216 -0.021903148 0.000807737 0.999759793 0.234744057
0.999749482 0.000677509 0.022371868 -0.061900195 -0.000632775 0.999997795 -0.002006600 -0.044517465 -0.022373179 0.001991941 0.999747694 0.286103427
0.999714553 0.001349344 0.023852682 -0.080007814 -0.001287653 0.999995768 -0.002601494 -0.040380761 -0.023856092 0.002570037 0.999712110 0.305765927
0.999703288 0.000092048 0.024358060 -0.092894889 -0.000049829 0.999998510 -0.001733882 -0.043801405 -0.024358183 0.001732154 0.999701798 0.310785294
0.999694645 0.000313036 0.024709644 -0.109510235 -0.000281706 0.999999166 -0.001271406 -0.051043808 -0.024710022 0.001264057 0.999693871 0.351857632
0.999686182 -0.000270249 0.025048122 -0.124381192 0.000319864 0.999997973 -0.001976786 -0.054275349 -0.025047537 0.001984178 0.999684274 0.384336621
0.999696016 -0.000926514 0.024637589 -0.147732034 0.000936105 0.999999464 -0.000377767 -0.073918290 -0.024637226 0.000400715 0.999696374 0.444883823
0.999692500 -0.000147286 0.024796253 -0.169619128 0.000177428 0.999999225 -0.001213362 -0.081486166 -0.024796056 0.001217388 0.999691784 0.502206981
0.999674082 -0.000252523 0.025527300 -0.181530952 0.000296978 0.999998450 -0.001737668 -0.071130536 -0.025526822 0.001744683 0.999672592 0.493890762
0.999686658 0.000458526 0.025027430 -0.201269731 -0.000421320 0.999998808 -0.001491898 -0.092624888 -0.025028083 0.001480886 0.999685645 0.575519025
0.999675870 -0.000393589 0.025456479 -0.225339055 0.000424868 0.999999166 -0.001223340 -0.098873198 -0.025455976 0.001233760 0.999675155 0.614815712
0.999670565 0.000617098 0.025658667 -0.232875749 -0.000568644 0.999998033 -0.001895672 -0.090927362 -0.025659787 0.001880457 0.999668956 0.626572371
0.999674499 -0.000688171 0.025503069 -0.255393475 0.000719592 0.999998987 -0.001222887 -0.107701324 -0.025502201 0.001240841 0.999674022 0.677258551
0.999681354 -0.001154129 0.025215587 -0.274295628 0.001152368 0.999999344 0.000084363 -0.118579470 -0.025215667 -0.000055279 0.999682009 0.719520569
0.999676108 -0.001016627 0.025428798 -0.293514073 0.001010449 0.999999464 0.000255767 -0.120948322 -0.025429044 -0.000229989 0.999676585 0.756615758
0.999670684 -0.001427262 0.025621556 -0.315827549 0.001404257 0.999998569 0.000915845 -0.127429038 -0.025622828 -0.000879564 0.999671280 0.794586182
0.999674559 0.000170705 0.025509272 -0.328893661 -0.000170227 1.000000000 -0.000020900 -0.124253333 -0.025509274 0.000016551 0.999674559 0.821468294
0.999680519 0.000005150 0.025275541 -0.353639573 -0.000029140 0.999999523 0.000948764 -0.139731318 -0.025275525 -0.000949197 0.999680102 0.880850792
0.999669969 -0.000236632 0.025687812 -0.375044554 0.000203694 0.999999166 0.001284860 -0.133010849 -0.025688095 -0.001279203 0.999669194 0.899657726
0.999677360 -0.000428524 0.025396334 -0.396680802 0.000391043 0.999998808 0.001480795 -0.142496392 -0.025396939 -0.001470386 0.999676347 0.943980396
0.999710798 -0.001509835 0.024000831 -0.421549916 0.001437389 0.999994338 0.003035452 -0.167039841 -0.024005279 -0.003000076 0.999707341 1.028385043
0.999700069 -0.000139233 0.024488790 -0.443786651 0.000097188 0.999998510 0.001718106 -0.163801998 -0.024488993 -0.001715211 0.999698639 1.057223916
0.999701083 -0.000462817 0.024444433 -0.463001072 0.000404707 0.999997079 0.002382118 -0.171879798 -0.024445465 -0.002371513 0.999698341 1.085281372
0.999700963 -0.002361734 0.024340509 -0.491440862 0.002257809 0.999988198 0.004296261 -0.184483528 -0.024350369 -0.004240020 0.999694467 1.129886270
0.999698222 0.001021288 0.024543751 -0.502494872 -0.001090274 0.999995470 0.002797525 -0.182225138 -0.024540784 -0.002823440 0.999694824 1.161118388
0.999709070 0.001888636 0.024046570 -0.523380876 -0.001963740 0.999993265 0.003100041 -0.197078660 -0.024040552 -0.003146360 0.999706030 1.227511883
0.999707103 0.001194273 0.024172444 -0.555051088 -0.001263641 0.999995112 0.002854624 -0.209582478 -0.024168916 -0.002884333 0.999703705 1.300242186
0.999703109 0.001766961 0.024300665 -0.568139017 -0.001856478 0.999991596 0.003661641 -0.208351761 -0.024293991 -0.003705668 0.999697983 1.316026926
0.999702454 0.002181923 0.024295369 -0.593183696 -0.002263490 0.999991894 0.003330329 -0.221494496 -0.024287906 -0.003384331 0.999699295 1.366124153
0.999687493 0.003809115 0.024705799 -0.618013978 -0.003879316 0.999988556 0.002794188 -0.220966727 -0.024694873 -0.002889156 0.999690831 1.408053637
0.999681413 0.003671325 0.024972556 -0.635395229 -0.003739076 0.999989450 0.002666872 -0.225888655 -0.024962502 -0.002759397 0.999684572 1.439154148
0.999663591 0.003488342 0.025701465 -0.644762397 -0.003553699 0.999990582 0.002497730 -0.216411754 -0.025692511 -0.002588225 0.999666572 1.423381567
0.999667585 0.005274566 0.025236402 -0.667095065 -0.005318921 0.999984443 0.001690775 -0.230049342 -0.025227090 -0.001824443 0.999680102 1.504981518
0.999678850 0.003663286 0.025074583 -0.691221118 -0.003746922 0.999987543 0.003289293 -0.236394897 -0.025062222 -0.003382189 0.999680161 1.531033039
0.999707580 0.002421114 0.024059409 -0.712152481 -0.002529914 0.999986708 0.004492741 -0.261605501 -0.024048213 -0.004552296 0.999700427 1.604229569
0.999632776 0.004112994 0.026784360 -0.828098655 -0.004189641 0.999987304 0.002806157 -0.287058026 -0.026772482 -0.002917343 0.999637306 1.834902287
0.999638140 0.003961234 0.026606854 -0.849068344 -0.004015047 0.999989927 0.001969381 -0.293536931 -0.026598789 -0.002075496 0.999644041 1.879527092
0.999645770 0.003073342 0.026436776 -0.870890439 -0.003146155 0.999991298 0.002713027 -0.299173504 -0.026428210 -0.002795240 0.999646842 1.916850686
0.999657452 0.002784912 0.026024153 -0.888036251 -0.002838079 0.999993980 0.002006278 -0.308815718 -0.026018411 -0.002079450 0.999659300 1.961764097
0.999652207 0.003650545 0.026116645 -0.910747886 -0.003709096 0.999990761 0.002193798 -0.312153876 -0.026108397 -0.002289905 0.999656558 2.005916357
0.999674141 0.003015149 0.025349258 -0.927743077 -0.003058881 0.999993920 0.001686559 -0.319049090 -0.025344020 -0.001763550 0.999677181 2.041640759
0.999679208 0.001679142 0.025270389 -0.949144304 -0.001731511 0.999996483 0.002050640 -0.327003270 -0.025266856 -0.002093739 0.999678493 2.083994150
0.999696612 0.000348152 0.024628112 -0.970500171 -0.000418509 0.999995887 0.002851657 -0.334909379 -0.024627017 -0.002861100 0.999692559 2.121941566
0.999717295 0.000152700 0.023773700 -0.991582334 -0.000232388 0.999994338 0.003349213 -0.351707041 -0.023773059 -0.003353791 0.999711752 2.180152416
0.999720871 0.000806204 0.023609217 -1.011316299 -0.000862500 0.999996781 0.002374382 -0.347848088 -0.023607232 -0.002394082 0.999718428 2.213037014
0.999731779 0.000341973 0.023155812 -1.034173965 -0.000414315 0.999995053 0.003119437 -0.357194185 -0.023154629 -0.003128194 0.999726951 2.248818874
0.999748051 0.000270609 0.022444885 -1.077165961 -0.000355795 0.999992728 0.003791410 -0.377840936 -0.022443693 -0.003798440 0.999740899 2.352579832
0.999755442 -0.000077137 0.022115979 -1.100843668 -0.000011509 0.999991894 0.004008064 -0.382455289 -0.022116115 -0.004007337 0.999747396 2.393932819
0.999774694 -0.000297112 0.021224849 -1.127037406 0.000203143 0.999990106 0.004429315 -0.392926276 -0.021225959 -0.004424004 0.999764979 2.453228474
0.999786615 -0.000876152 0.020638224 -1.150815248 0.000783530 0.999989569 0.004495522 -0.406521648 -0.020641951 -0.004478391 0.999776959 2.502636433
0.999795914 -0.000381543 0.020202026 -1.179587841 0.000284218 0.999988317 0.004820218 -0.415989339 -0.020203633 -0.004813493 0.999784291 2.567437410
0.999808073 -0.000714833 0.019576861 -1.199314594 0.000620813 0.999988258 0.004808237 -0.422527224 -0.019580070 -0.004795161 0.999796808 2.598735571
0.999814212 -0.000737587 0.019260980 -1.225176454 0.000634729 0.999985456 0.005345808 -0.431178063 -0.019264642 -0.005332590 0.999800205 2.645133257
0.999823987 -0.000416398 0.018758807 -1.249249578 0.000321449 0.999987125 0.005064356 -0.445264280 -0.018760679 -0.005057433 0.999811232 2.700176001
0.999830723 -0.000250380 0.018399337 -1.276264548 0.000155239 0.999986589 0.005172127 -0.445322901 -0.018400390 -0.005168395 0.999817371 2.752282143
0.999830067 -0.000130985 0.018434400 -1.302581429 0.000032654 0.999985754 0.005334274 -0.457300007 -0.018434837 -0.005332765 0.999815881 2.798443794
0.999836683 0.000018883 0.018068720 -1.326995015 -0.000113131 0.999986351 0.005215108 -0.463909298 -0.018068381 -0.005216301 0.999823213 2.847199440
0.999838889 -0.000036451 0.017948559 -1.354888201 -0.000054345 0.999987185 0.005058137 -0.478335917 -0.017948516 -0.005058297 0.999826133 2.899466991
0.999839664 0.000470190 0.017902490 -1.374612093 -0.000562683 0.999986529 0.005161761 -0.482793570 -0.017899822 -0.005171006 0.999826491 2.939141035
0.999850214 0.000249897 0.017305752 -1.401647806 -0.000341445 0.999985933 0.005287293 -0.495569110 -0.017304191 -0.005292410 0.999836266 3.006926060
0.999849200 0.000002736 0.017368659 -1.425351262 -0.000096145 0.999985456 0.005377231 -0.499746054 -0.017368395 -0.005378091 0.999834716 3.044414043
0.999850571 0.000369199 0.017282724 -1.451807976 -0.000465424 0.999984324 0.005563955 -0.507805765 -0.017280402 -0.005571168 0.999835134 3.095907927
0.999854624 0.000049558 0.017049331 -1.481859803 -0.000144308 0.999984503 0.005556174 -0.519036114 -0.017048797 -0.005557827 0.999839246 3.162303686
0.999855816 0.000897362 0.016961252 -1.505278707 -0.000989708 0.999984682 0.005436921 -0.529733419 -0.016956119 -0.005452924 0.999841452 3.215365171
0.999847353 0.001598561 0.017399587 -1.530594349 -0.001680471 0.999987543 0.004693978 -0.528086007 -0.017391864 -0.004722502 0.999837577 3.262827158
0.999844074 0.001831771 0.017563809 -1.554682851 -0.001917318 0.999986291 0.004855056 -0.532481909 -0.017554674 -0.004887974 0.999833882 3.300872087
0.999845564 0.001005711 0.017547809 -1.578777075 -0.001098234 0.999985516 0.005263804 -0.541183710 -0.017542260 -0.005282263 0.999832153 3.340557575
0.999855042 0.001396702 0.016966172 -1.603126168 -0.001500408 0.999980211 0.006101351 -0.554740787 -0.016957313 -0.006125924 0.999837458 3.418437243
0.999855101 0.002028242 0.016901709 -1.628435969 -0.002117496 0.999983907 0.005264551 -0.567680955 -0.016890759 -0.005299577 0.999843180 3.471957684
0.999855638 0.002161888 0.016854960 -1.655486345 -0.002253612 0.999982774 0.005424858 -0.576213121 -0.016842945 -0.005462059 0.999843180 3.522246838
0.999855816 0.002228846 0.016836191 -1.677562475 -0.002324193 0.999981344 0.005645747 -0.581561506 -0.016823294 -0.005684064 0.999842286 3.570235252
0.999861956 0.001743477 0.016523130 -1.702218533 -0.001839095 0.999981642 0.005773506 -0.589595914 -0.016512759 -0.005803097 0.999846756 3.625030279
0.999869585 0.001527085 0.016079118 -1.727431417 -0.001638156 0.999974847 0.006896916 -0.607343078 -0.016068181 -0.006922356 0.999846876 3.689895153
0.999868572 0.001725107 0.016123340 -1.750248075 -0.001841497 0.999972284 0.007206638 -0.611360848 -0.016110457 -0.007235382 0.999844015 3.728283167
0.999871135 0.001486504 0.015984423 -1.776162028 -0.001602134 0.999972582 0.007223532 -0.619303703 -0.015973249 -0.007248211 0.999846041 3.784668922
0.999867201 0.002533016 0.016098751 -1.800779700 -0.002640269 0.999974430 0.006644450 -0.632630408 -0.016081508 -0.006686071 0.999848247 3.842756748
0.999853015 0.002970652 0.016882567 -1.817986846 -0.003078077 0.999975145 0.006340637 -0.632525146 -0.016863311 -0.006391671 0.999837279 3.875688553
0.999850214 0.000963235 0.017282771 -1.842710018 -0.001087484 0.999973595 0.007181226 -0.644420326 -0.017275402 -0.007198946 0.999824762 3.920067549
0.999832749 0.001882557 0.018193984 -1.855799317 -0.001998731 0.999977708 0.006369201 -0.644374907 -0.018181587 -0.006404500 0.999814153 3.960421562
0.999801457 0.001885099 0.019835766 -1.872191548 -0.002025045 0.999973178 0.007037486 -0.652655244 -0.019821966 -0.007076259 0.999778450 3.999725342
0.999760449 0.001403899 0.021843363 -1.890073895 -0.001538534 0.999979913 0.006148104 -0.663206160 -0.021834292 -0.006180238 0.999742448 4.045233250
0.999695957 0.002355248 0.024545826 -1.894174933 -0.002488079 0.999982357 0.005382419 -0.656021297 -0.024532717 -0.005441854 0.999684155 4.045032501
0.999637485 0.002458737 0.026813962 -1.906952262 -0.002602562 0.999982357 0.005330228 -0.671312690 -0.026800385 -0.005398081 0.999626219 4.093666077
0.999566674 0.002770902 0.029306030 -1.918091178 -0.002924079 0.999982297 0.005185260 -0.676701009 -0.029291146 -0.005268706 0.999557018 4.123522758
0.999476254 0.004594178 0.032032356 -1.932932973 -0.004730545 0.999980092 0.004182660 -0.685440123 -0.032012507 -0.004332000 0.999477923 4.173984528
0.999378860 0.004271621 0.034980014 -1.943367004 -0.004418490 0.999981701 0.004122431 -0.692487597 -0.034961760 -0.004274429 0.999379456 4.207130432
0.999239981 0.006393455 0.038453013 -1.959448457 -0.006478614 0.999976814 0.002090402 -0.684199393 -0.038438749 -0.002337936 0.999258220 4.254729748
0.999141395 0.005432363 0.041073218 -1.970026851 -0.005509304 0.999983311 0.001760300 -0.686315060 -0.041062966 -0.001985074 0.999154627 4.282263756
0.998989880 0.007745310 0.044262905 -1.979417920 -0.007755723 0.999969900 0.000063524 -0.684439182 -0.044261079 -0.000406750 0.999019980 4.301698685
0.998904347 0.006196219 0.046387278 -1.993900299 -0.006221027 0.999980509 0.000390440 -0.691277862 -0.046383958 -0.000678588 0.998923421 4.330925941
0.998825729 0.006335502 0.048033014 -2.007199526 -0.006332769 0.999979913 -0.000209063 -0.695286512 -0.048033372 -0.000095363 0.998845816 4.367386341
0.998746336 0.006650191 0.049615957 -2.024448395 -0.006608796 0.999977708 -0.000998302 -0.698415279 -0.049621493 0.000669149 0.998767912 4.401237965
0.998680294 0.007355570 0.050829478 -2.040050745 -0.007290292 0.999972403 -0.001469540 -0.702304721 -0.050838888 0.001097039 0.998706222 4.435332298
0.998702526 0.006794304 0.050469134 -2.057944298 -0.006723552 0.999976158 -0.001571506 -0.728959084 -0.050478604 0.001230136 0.998724401 4.522449970
0.998680949 0.006048408 0.050989427 -2.080584049 -0.005989171 0.999981225 -0.001314469 -0.736097991 -0.050996412 0.001007351 0.998698354 4.566055775
0.998667002 0.006343032 0.051225275 -2.100403786 -0.006254874 0.999978662 -0.001881112 -0.747096658 -0.051236108 0.001558198 0.998685360 4.612991333
0.998672128 0.007534830 0.050963860 -2.122205496 -0.007422941 0.999969602 -0.002384382 -0.756445825 -0.050980277 0.002002914 0.998697758 4.673263073
0.998680353 0.005789638 0.051031180 -2.148198843 -0.005638962 0.999979258 -0.003096121 -0.765173256 -0.051048052 0.002804273 0.998692274 4.715014458
0.998679757 0.005996861 0.051018357 -2.173876762 -0.005860297 0.999978840 -0.002825939 -0.775829554 -0.051034227 0.002523225 0.998693764 4.768457890
0.998716533 0.005989649 0.050294179 -2.196504354 -0.005817678 0.999976695 -0.003565005 -0.785677433 -0.050314363 0.003267834 0.998728156 4.821163654
0.998716652 0.006785349 0.050190434 -2.224018574 -0.006616611 0.999971867 -0.003527337 -0.794863164 -0.050212964 0.003190720 0.998733401 4.875589848
0.998726308 0.007281458 0.049927603 -2.262816191 -0.007022302 0.999961078 -0.005364079 -0.811331570 -0.049964707 0.005006642 0.998738348 4.979083061
0.998701394 0.008353214 0.050259028 -2.287673473 -0.008055830 0.999948859 -0.006116690 -0.817910552 -0.050307550 0.005703868 0.998717427 5.029817581
0.998745978 0.007470169 0.049505256 -2.314398289 -0.007192871 0.999957502 -0.005777183 -0.834451437 -0.049546305 0.005413853 0.998757124 5.094187737
0.998731554 0.008597338 0.049611241 -2.343283415 -0.008286372 0.999944746 -0.006470336 -0.841410756 -0.049664121 0.006051032 0.998747587 5.157398701
0.998747885 0.007120548 0.049517248 -2.372362137 -0.006833222 0.999958813 -0.005969426 -0.849596262 -0.049557719 0.005623589 0.998755395 5.207015038
0.998786509 0.005578177 0.048933078 -2.398566723 -0.005314051 0.999970615 -0.005526159 -0.860530674 -0.048962463 0.005259420 0.998786807 5.266654015
0.998817742 0.006136916 0.048223257 -2.426136494 -0.005881518 0.999967933 -0.005436288 -0.872240126 -0.048255075 0.005146235 0.998821855 5.328366756
0.998834252 0.005746833 0.047926806 -2.457371712 -0.005517253 0.999972701 -0.004921132 -0.886633933 -0.047953781 0.004650971 0.998838723 5.391726971
0.998828351 0.006027814 0.048014749 -2.485401154 -0.005809476 0.999972165 -0.004685580 -0.897666693 -0.048041653 0.004401150 0.998835623 5.451174259
0.998845220 0.006657800 0.047579732 -2.518125057 -0.006429893 0.999967158 -0.004941439 -0.911129951 -0.047611061 0.004629800 0.998855233 5.536603928
0.998838186 0.006953015 0.047685239 -2.542163610 -0.006748213 0.999967337 -0.004454531 -0.919464648 -0.047714651 0.004127566 0.998852551 5.582748890
0.998848915 0.007304970 0.047408164 -2.571480274 -0.007107097 0.999965370 -0.004341044 -0.932262599 -0.047438230 0.003999112 0.998866200 5.649212837
0.998827457 0.008638478 0.047634922 -2.609668732 -0.008413487 0.999952495 -0.004921719 -0.940345407 -0.047675174 0.004515172 0.998852611 5.740241528
0.998886108 0.008101957 0.046484973 -2.636498451 -0.007834323 0.999951720 -0.005936707 -0.956540346 -0.046530824 0.005565916 0.998901308 5.826307297
0.998923779 0.008206151 0.045650586 -2.660209656 -0.007992198 0.999956191 -0.004867327 -0.973076105 -0.045688536 0.004497240 0.998945534 5.901883602
0.998861969 0.008395626 0.046950802 -2.692786694 -0.008164230 0.999953628 -0.005118096 -0.970417202 -0.046991594 0.004728954 0.998884022 5.918068409
0.998877764 0.008238695 0.046640482 -2.719971180 -0.008043264 0.999958038 -0.004376298 -0.985936284 -0.046674583 0.003996246 0.998902142 5.976627827
0.998909056 0.007853579 0.046033788 -2.743381500 -0.007671810 0.999962032 -0.004123954 -1.002676725 -0.046064436 0.003766291 0.998931408 6.042880058
0.998928964 0.007124593 0.045717381 -2.774867535 -0.006971240 0.999969542 -0.003512945 -1.013655543 -0.045741025 0.003190475 0.998948216 6.111888409
0.998941958 0.006904813 0.045469005 -2.798615456 -0.006763772 0.999971807 -0.003255084 -1.021038294 -0.045490202 0.002944098 0.998960435 6.155029774
0.998990119 0.005148801 0.044635154 -2.831505299 -0.005053385 0.999984622 -0.002250302 -1.031287670 -0.044646066 0.002022471 0.999000788 6.210000992
0.998977780 0.007320154 0.044607941 -2.870000362 -0.007130626 0.999965012 -0.004406379 -1.038471341 -0.044638619 0.004083792 0.998994946 6.308508396
0.998987854 0.006832542 0.044459797 -2.897263288 -0.006644124 0.999968350 -0.004384338 -1.046152472 -0.044488344 0.004084503 0.999001563 6.356653690
0.999001682 0.008259721 0.043902531 -2.924800158 -0.008070759 0.999957442 -0.004479648 -1.058784962 -0.043937657 0.004120850 0.999025702 6.426191807
0.999009669 0.008678912 0.043640777 -2.950751305 -0.008464276 0.999951243 -0.005100658 -1.069036603 -0.043682918 0.004726219 0.999034226 6.480195045
0.999018669 0.008825735 0.043403339 -2.975948334 -0.008628855 0.999951601 -0.004721324 -1.080844879 -0.043442912 0.004342170 0.999046445 6.543199539
0.999026537 0.008861227 0.043215416 -3.003017902 -0.008660258 0.999950826 -0.004835437 -1.087483168 -0.043256141 0.004456473 0.999054015 6.598896980
0.999028027 0.009627341 0.043013968 -3.025565624 -0.009415449 0.999942601 -0.005126012 -1.097853780 -0.043060850 0.004716034 0.999061346 6.650763512
0.999036670 0.009321816 0.042880852 -3.053124905 -0.009070616 0.999940574 -0.006048947 -1.110418797 -0.042934686 0.005654164 0.999061882 6.716454983
0.999025702 0.009877353 0.043011684 -3.088027954 -0.009640559 0.999937236 -0.005709288 -1.122189045 -0.043065373 0.005289069 0.999058247 6.793471336
0.999019980 0.011280335 0.042802501 -3.113159895 -0.010995492 0.999915779 -0.006884446 -1.127704978 -0.042876571 0.006407064 0.999059737 6.848585129
0.999029398 0.010490315 0.042782944 -3.140733242 -0.010271004 0.999932945 -0.005342696 -1.142059922 -0.042836115 0.004898086 0.999070108 6.901303291
0.999026597 0.010902420 0.042745281 -3.166547298 -0.010657954 0.999925554 -0.005942835 -1.148053646 -0.042806882 0.005481473 0.999068320 6.949236870
0.999033928 0.011361836 0.042451032 -3.193776608 -0.011106092 0.999918818 -0.006255489 -1.160384893 -0.042518649 0.005777980 0.999079049 7.016178608
0.999049842 0.011434712 0.042055763 -3.225400448 -0.011229778 0.999923885 -0.005105896 -1.173540354 -0.042110957 0.004628767 0.999102175 7.078942299
0.999019802 0.011745140 0.042677417 -3.277725220 -0.011494148 0.999915183 -0.006121761 -1.182667136 -0.042745698 0.005625220 0.999070108 7.178641319
0.998999655 0.012164678 0.043030418 -3.311368465 -0.011921924 0.999911547 -0.005893598 -1.188521862 -0.043098304 0.005374698 0.999056339 7.239048481
0.999011815 0.012498152 0.042651083 -3.334275007 -0.012298808 0.999912202 -0.004933055 -1.201489210 -0.042708986 0.004403624 0.999077916 7.295208454
0.998987794 0.014561841 0.042561229 -3.364230633 -0.014323336 0.999879956 -0.005903420 -1.211108685 -0.042642087 0.005287825 0.999076486 7.372083664
0.998982251 0.015087711 0.042504143 -3.394383430 -0.014923258 0.999879837 -0.004183722 -1.222213864 -0.042562168 0.003545163 0.999087512 7.428893566
0.998967230 0.015196337 0.042819172 -3.431806326 -0.015006367 0.999876142 -0.004754456 -1.229960203 -0.042886112 0.004106985 0.999071538 7.503546238
0.998967290 0.015128403 0.042843152 -3.462506533 -0.014976578 0.999880254 -0.003862552 -1.241334438 -0.042896450 0.003216919 0.999074340 7.560343266
0.998993516 0.014609891 0.042407181 -3.489831448 -0.014498000 0.999890566 -0.002944847 -1.256623864 -0.042445559 0.002327064 0.999096096 7.622285843
0.998987973 0.015705843 0.042145915 -3.513436794 -0.015551972 0.999871135 -0.003976308 -1.264391899 -0.042202935 0.003316832 0.999103546 7.692777157
0.998999417 0.015926842 0.041789569 -3.542338848 -0.015839182 0.999871612 -0.002427924 -1.281362653 -0.041822869 0.001763583 0.999123514 7.752736092
0.999063492 0.013846599 0.040991262 -3.573642731 -0.013745259 0.999901712 -0.002753016 -1.291849971 -0.041025355 0.002187003 0.999155700 7.828175068
0.999099851 0.013766180 0.040122699 -3.604756117 -0.013691525 0.999903977 -0.002134837 -1.298456550 -0.040148228 0.001583573 0.999192476 7.895601749
0.999093950 0.014438912 0.040034987 -3.636552811 -0.014402593 0.999895573 -0.001195515 -1.313918233 -0.040048067 0.000617824 0.999197602 7.951436996
0.999096453 0.015194051 0.039694734 -3.689378262 -0.015101542 0.999882519 -0.002629383 -1.321000338 -0.039730027 0.002027555 0.999208391 8.069643974
0.999099731 0.015493273 0.039493132 -3.726720333 -0.015401581 0.999877930 -0.002624904 -1.337086678 -0.039528981 0.002014284 0.999216437 8.146327019
0.999149203 0.014326348 0.038674336 -3.746462345 -0.014286077 0.999897003 -0.001317473 -1.348145366 -0.038689237 0.000763847 0.999251008 8.197834969
0.999164343 0.014417935 0.038246520 -3.785878420 -0.014392119 0.999895930 -0.000950325 -1.366287351 -0.038256250 0.000399082 0.999267876 8.275193214
0.999186397 0.014578784 0.037604138 -3.810964584 -0.014543529 0.999893486 -0.001210938 -1.363816500 -0.037617791 0.000663056 0.999291956 8.342055321
0.999211788 0.013743640 0.037241571 -3.850752831 -0.013733975 0.999905586 -0.000515353 -1.381383657 -0.037245143 0.000003472 0.999306083 8.407183647
0.999237478 0.013942075 0.036469936 -3.879945755 -0.013945955 0.999902725 -0.000148000 -1.388910651 -0.036468457 -0.000360721 0.999334753 8.480806351
0.999262094 0.013349925 0.036014002 -3.910100937 -0.013403072 0.999909401 0.001234688 -1.405782104 -0.035994258 -0.001716475 0.999350429 8.536081314
0.999282479 0.013222867 0.035493352 -3.947798014 -0.013271487 0.999911308 0.001134548 -1.419813395 -0.035475206 -0.001604784 0.999369264 8.610869408
0.999307334 0.012760358 0.034957435 -3.978811264 -0.012826195 0.999916434 0.001659756 -1.428810120 -0.034933336 -0.002106978 0.999387383 8.686517715
0.999334753 0.012932951 0.034101199 -4.011504173 -0.012954875 0.999915957 0.000422037 -1.434819579 -0.034092881 -0.000863533 0.999418259 8.765347481
0.999369383 0.011692383 0.033527516 -4.035178185 -0.011729982 0.999930739 0.000924889 -1.452287912 -0.033514392 -0.001317583 0.999437273 8.798360825
0.999380767 0.011607033 0.033217635 -4.074850559 -0.011640506 0.999931872 0.000814425 -1.459905744 -0.033205923 -0.001200591 0.999447763 8.876488686
0.999379516 0.011734240 0.033209886 -4.101196289 -0.011742227 0.999930978 0.000045421 -1.466812968 -0.033207059 -0.000435350 0.999448419 8.921154976
0.999358952 0.012315706 0.033617504 -4.133693695 -0.012305072 0.999924064 -0.000523323 -1.470233440 -0.033621404 0.000109322 0.999434590 8.968701363
0.999391198 0.011727492 0.032858122 -4.162210941 -0.011701551 0.999930978 -0.000981710 -1.488657475 -0.032867372 0.000596621 0.999459624 9.042556763
0.999450624 0.010922262 0.031291813 -4.189058304 -0.010909172 0.999940217 -0.000589129 -1.511564970 -0.031296384 0.000247438 0.999510109 9.116538048
0.999474466 0.010248559 0.030754060 -4.216563225 -0.010233825 0.999947429 -0.000636477 -1.522256494 -0.030758966 0.000321411 0.999526799 9.175984383
0.999487638 0.010076225 0.030376982 -4.247974873 -0.010051094 0.999948978 -0.000979882 -1.536307096 -0.030385306 0.000674058 0.999538064 9.236838341
0.999516249 0.009627554 0.029571475 -4.276311874 -0.009609932 0.999953568 -0.000737984 -1.545693159 -0.029577209 0.000453447 0.999562442 9.309829712
0.999531865 0.008276203 0.029453177 -4.304652214 -0.008271716 0.999965668 -0.000274215 -1.552096963 -0.029454442 0.000030459 0.999566138 9.353583336
0.999568999 0.008285753 0.028161850 -4.329871178 -0.008285472 0.999965608 -0.000126701 -1.576077938 -0.028161937 -0.000106687 0.999603391 9.421214104
0.999566793 0.008748506 0.028099731 -4.360111713 -0.008736197 0.999961674 -0.000560749 -1.581815243 -0.028103558 0.000315021 0.999604940 9.476878166
0.999583900 0.009128752 0.027361214 -4.388527870 -0.009096986 0.999957800 -0.001285241 -1.595511198 -0.027371794 0.001035802 0.999624729 9.548677444
0.999596000 0.008889510 0.026997374 -4.418123722 -0.008848923 0.999959469 -0.001622536 -1.601408720 -0.027010705 0.001382983 0.999634147 9.604712486
0.999611139 0.008879319 0.026429746 -4.442704678 -0.008839279 0.999959588 -0.001631391 -1.612954855 -0.026443167 0.001397137 0.999649346 9.669619560
0.999631047 0.008459661 0.025809685 -4.478419781 -0.008393295 0.999961197 -0.002678556 -1.625485659 -0.025831342 0.002460940 0.999663293 9.735570908
0.999588907 0.010485721 0.026685156 -4.525748253 -0.010357409 0.999934137 -0.004942091 -1.619238973 -0.026735218 0.004663670 0.999631643 9.833813667
0.999601364 0.009946446 0.026424244 -4.552711010 -0.009807676 0.999937475 -0.005376093 -1.632133603 -0.026476063 0.005114789 0.999636412 9.889513969
0.999612749 0.009191041 0.026267640 -4.579147816 -0.009076703 0.999948800 -0.004468760 -1.643186808 -0.026307367 0.004228605 0.999644876 9.938564301
0.999598324 0.010049927 0.026502796 -4.608794689 -0.009916778 0.999937594 -0.005150653 -1.655666590 -0.026552904 0.004885761 0.999635398 9.996047020
0.999619961 0.010125982 0.025642756 -4.640405655 -0.010001149 0.999937475 -0.004991805 -1.669366241 -0.025691701 0.004733450 0.999658644 10.076868057
0.999624372 0.009503664 0.025708508 -4.667829990 -0.009393697 0.999946177 -0.004394974 -1.678278327 -0.025748894 0.004151824 0.999659836 10.117947578
0.999654830 0.008148934 0.024978770 -4.694457054 -0.008073837 0.999962568 -0.003105795 -1.696929693 -0.025003143 0.002903048 0.999683142 10.174269676
0.999647975 0.008555958 0.025115069 -4.722794533 -0.008487844 0.999959946 -0.002817555 -1.709142208 -0.025138171 0.002603390 0.999680579 10.230175018
0.999674678 0.008080241 0.024194522 -4.750139713 -0.007993936 0.999961376 -0.003661753 -1.715789914 -0.024223175 0.003467151 0.999700487 10.310982704
0.999681532 0.008385178 0.023800531 -4.802054405 -0.008275539 0.999954700 -0.004701413 -1.734914184 -0.023838876 0.004502954 0.999705672 10.429267883
0.999676168 0.008665720 0.023924338 -4.836330414 -0.008531054 0.999947190 -0.005725146 -1.738639832 -0.023972686 0.005519193 0.999697387 10.489325523
0.999666750 0.008107346 0.024506904 -4.867172241 -0.007992206 0.999956548 -0.004792582 -1.748039603 -0.024544692 0.004595120 0.999688208 10.528259277
0.999706864 0.007432472 0.023041440 -4.896139622 -0.007339967 0.999964654 -0.004096676 -1.767717600 -0.023071075 0.003926351 0.999726117 10.607305527
0.999698400 0.008346970 0.023095040 -4.925589085 -0.008242274 0.999955356 -0.004624770 -1.776401758 -0.023132611 0.004433019 0.999722600 10.666385651
0.999717653 0.007362443 0.022593366 -4.960670471 -0.007275216 0.999965787 -0.003940518 -1.792899370 -0.022621606 0.003775034 0.999736905 10.741242409
0.999702394 0.008045839 0.023028348 -4.999392509 -0.007942417 0.999957979 -0.004579041 -1.807925105 -0.023064224 0.004394778 0.999724269 10.821173668
0.999741375 0.006991253 0.021642540 -5.027565002 -0.006901982 0.999967396 -0.004196786 -1.825115800 -0.021671170 0.004046324 0.999756932 10.895324707
0.999742568 0.007074489 0.021554742 -5.053853512 -0.006981576 0.999966025 -0.004382796 -1.826895118 -0.021585014 0.004231181 0.999758065 10.939326286
0.999729037 0.008228828 0.021772727 -5.085239887 -0.008124742 0.999955177 -0.004864717 -1.837528110 -0.021811781 0.004686502 0.999751091 11.005999565
0.999724805 0.009109739 0.021610655 -5.116983891 -0.009009879 0.999948323 -0.004713863 -1.851160049 -0.021652473 0.004517857 0.999755383 11.071645737
0.999707103 0.010185834 0.021949347 -5.144337177 -0.010076999 0.999936461 -0.005063370 -1.862558484 -0.021999521 0.004840704 0.999746323 11.128391266
0.999711633 0.009529524 0.022041386 -5.179290771 -0.009436651 0.999946177 -0.004313728 -1.875911832 -0.022081302 0.004104488 0.999747753 11.206899643
0.999689102 0.010243215 0.022733970 -5.208483219 -0.010141919 0.999938190 -0.004566422 -1.884298682 -0.022779336 0.004334436 0.999731183 11.264017105
0.999695957 0.009979526 0.022546133 -5.238523483 -0.009889627 0.999942660 -0.004095309 -1.895050764 -0.022585707 0.003871091 0.999737382 11.332481384
0.999692261 0.010974399 0.022242399 -5.263267040 -0.010862018 0.999927640 -0.005167021 -1.909478903 -0.022297492 0.004923835 0.999739170 11.400457382
0.999695003 0.010505205 0.022346998 -5.297074318 -0.010404852 0.999935269 -0.004602176 -1.921854019 -0.022393895 0.004368255 0.999739707 11.463217735
0.999678791 0.011076512 0.022795035 -5.328071117 -0.010959374 0.999926090 -0.005257267 -1.929797292 -0.022851584 0.005005758 0.999726355 11.519989014
0.999678314 0.011295238 0.022707971 -5.357212067 -0.011172235 0.999922276 -0.005536318 -1.938138962 -0.022768741 0.005280838 0.999726832 11.582805634
0.999695718 0.010886548 0.022135906 -5.386228561 -0.010782767 0.999930322 -0.004802216 -1.951192260 -0.022186646 0.004562068 0.999743402 11.648477554
0.999697745 0.011073319 0.021951435 -5.416929245 -0.010963049 0.999926746 -0.005137315 -1.964219928 -0.022006718 0.004895106 0.999745846 11.714345932
0.999708951 0.011111908 0.021414060 -5.448637486 -0.011014883 0.999928534 -0.004643530 -1.974436879 -0.021464122 0.004406305 0.999760032 11.776020050
0.999720991 0.010843136 0.020981224 -5.477456570 -0.010751893 0.999932230 -0.004456851 -1.984375596 -0.021028128 0.004230020 0.999769986 11.836174011
0.999736488 0.010164707 0.020579837 -5.508001328 -0.010082086 0.999940693 -0.004114448 -1.997327685 -0.020620437 0.003905876 0.999779761 11.898182869
0.999718010 0.011958613 0.020512082 -5.539078236 -0.011871102 0.999919891 -0.004382747 -2.007122040 -0.020562852 0.004138010 0.999780059 11.963271141
